Fri Oct 13 04:31:55 2017
184112838 solutions tried
52 solutions in Pareto front
Total elapsed time: 17:00:17
(< depot 0 | 1  ||	depot 1 | 1  ||	
1	1	1	0	1	0
0	0	1	0	0	0	| 3 3
1	0	0	0	0	0	| 1 1
0	0	0	0	1	0	| 5 5
2	0	0	0	0	0	| 0 1
0	1	0	0	0	0	| 2 2 >, (8567.301599999999, 17201.1666, 6, 12884.38))
(< depot 0 | 1  ||	depot 1 | 1  ||
1	1	1	0	0	1
0	0	1	0	0	0	| 3 3
1	0	0	0	0	0	| 1 1
0	0	0	0	0	1	| 6 6
2	0	0	0	0	0	| 0 1
0	1	0	0	0	0	| 2 2 >, (8567.301599999999, 17201.1666, 6, 12884.38))
(< depot 0 | 1  ||	depot 1 | 1  ||
1	1	0	1	1	0
0	0	0	1	0	0	| 4 4
1	0	0	0	0	0	| 1 1
0	0	0	0	1	0	| 5 5
2	0	0	0	0	0	| 0 1
0	1	0	0	0	0	| 2 2 >, (8567.301599999999, 17201.1666, 6, 12884.38))
(< depot 0 | 1  ||	depot 1 | 1  ||
1	1	0	1	0	1
0	0	0	1	0	0	| 4 4
1	0	0	0	0	0	| 1 1
0	0	0	0	0	1	| 6 6
2	0	0	0	0	0	| 0 1
0	1	0	0	0	0	| 2 2 >, (8567.301599999999, 17201.1666, 6, 12884.38))
(< depot 0 | 1 2  ||	depot 1 | 1  ||
1	1	1	0	2	0
0	0	1	0	0	0	| 3 3
1	0	0	0	0	0	| 1 1
0	1	0	0	1	0	| 5 2
2	0	0	0	0	0	| 0 1
0	2	0	0	0	0	| 2 2 >, (14063.3064, 15629.588600000001, 6, 15606.900000000001))
(< depot 0 | 1 2  ||	depot 1 | 1  ||
1	1	1	0	0	2
0	0	1	0	0	0	| 3 3
1	0	0	0	0	0	| 1 1
0	1	0	0	0	1	| 6 2
2	0	0	0	0	0	| 0 1
0	2	0	0	0	0	| 2 2 >, (14063.3064, 15629.588600000001, 6, 15606.900000000001))
(< depot 0 | 1 2  ||	depot 1 | 1  ||
1	1	0	1	2	0
0	0	0	1	0	0	| 4 4
1	0	0	0	0	0	| 1 1
0	1	0	0	1	0	| 5 2
2	0	0	0	0	0	| 0 1
0	2	0	0	0	0	| 2 2 >, (14063.3064, 15629.588600000001, 6, 15606.900000000001))
(< depot 0 | 1 2  ||	depot 1 | 1  ||
1	1	0	1	0	2
0	0	0	1	0	0	| 4 4
1	0	0	0	0	0	| 1 1
0	1	0	0	0	1	| 6 2
2	0	0	0	0	0	| 0 1
0	2	0	0	0	0	| 2 2 >, (14063.3064, 15629.588600000001, 6, 15606.900000000001))
(< depot 0 | 1  ||	depot 1 | 1 3  ||
1	1	3	0	1	0
1	0	0	0	0	0	| 1 1
2	0	1	0	0	0	| 1 3
0	0	0	0	1	0	| 5 5
0	0	2	0	0	0	| 0 3
0	1	0	0	0	0	| 2 2 >, (14885.012999999997, 15464.021400000001, 6, 15913.18))
(< depot 0 | 1  ||	depot 1 | 1 3  ||
1	1	3	0	0	1
1	0	0	0	0	0	| 1 1
2	0	1	0	0	0	| 1 3
0	0	0	0	0	1	| 6 6
0	0	2	0	0	0	| 0 3
0	1	0	0	0	0	| 2 2 >, (14885.012999999997, 15464.021400000001, 6, 15913.18))
(< depot 0 | 1  ||	depot 1 | 1 3  ||
1	1	0	3	1	0
1	0	0	0	0	0	| 1 1
2	0	0	1	0	0	| 1 4
0	0	0	0	1	0	| 5 5
0	0	0	2	0	0	| 0 4
0	1	0	0	0	0	| 2 2 >, (14885.012999999997, 15464.021400000001, 6, 15913.18))
(< depot 0 | 1  ||	depot 1 | 1 3  ||
1	1	0	3	0	1
1	0	0	0	0	0	| 1 1
2	0	0	1	0	0	| 1 4
0	0	0	0	0	1	| 6 6
0	0	0	2	0	0	| 0 4
0	1	0	0	0	0	| 2 2 >, (14885.012999999997, 15464.021400000001, 6, 15913.18))
(< depot 0 | 1  ||	depot 1 | 1 2 3  ||
1	1	3	0	2	0
1	0	0	0	0	0	| 1 1
2	0	1	0	0	0	| 1 3
0	1	0	0	0	0	| 2 2
0	0	2	0	0	0	| 0 3
0	2	0	0	1	0	| 2 5 >, (17976.5157, 14434.245200000001, 6, 17401.320000000003))
(< depot 0 | 1  ||	depot 1 | 1 2 3  ||
1	1	3	0	0	2
1	0	0	0	0	0	| 1 1
2	0	1	0	0	0	| 1 3
0	1	0	0	0	0	| 2 2
0	0	2	0	0	0	| 0 3
0	2	0	0	0	1	| 2 6 >, (17976.5157, 14434.245200000001, 6, 17401.320000000003))
(< depot 0 | 1  ||	depot 1 | 1 2 3  ||
1	1	0	3	2	0
1	0	0	0	0	0	| 1 1
2	0	0	1	0	0	| 1 4
0	1	0	0	0	0	| 2 2
0	0	0	2	0	0	| 0 4
0	2	0	0	1	0	| 2 5 >, (17976.5157, 14434.245200000001, 6, 17401.320000000003))
(< depot 0 | 1  ||	depot 1 | 1 2 3  ||
1	1	0	3	0	2
1	0	0	0	0	0	| 1 1
2	0	0	1	0	0	| 1 4
0	1	0	0	0	0	| 2 2
0	0	0	2	0	0	| 0 4
0	2	0	0	0	1	| 2 6 >, (17976.5157, 14434.245200000001, 6, 17401.320000000003))
(< depot 0 | 1 2 3  ||	depot 1 | 1  ||
1	1	0	0	3	2
1	0	0	0	0	0	| 1 1
2	0	0	0	1	0	| 5 1
0	1	0	0	0	1	| 6 2
3	0	0	0	0	0	| 0 1
0	2	0	0	0	0	| 2 2 >, (19276.4286, 14082.522400000002, 6, 18028.200000000004))
(< depot 0 | 1 2 3  ||	depot 1 | 1  ||
1	1	0	0	2	3
1	0	0	0	0	0	| 1 1
2	0	0	0	0	1	| 6 1
0	1	0	0	1	0	| 5 2
3	0	0	0	0	0	| 0 1
0	2	0	0	0	0	| 2 2 >, (19276.4286, 14082.522400000002, 6, 18028.200000000004))
(< depot 0 | 1 2  ||	depot 1 | 1 2  ||
1	2	1	0	2	0
0	0	1	0	0	0	| 3 3
1	0	0	0	0	0	| 1 1
0	0	0	0	1	0	| 5 5
2	0	0	0	0	0	| 0 1
0	1	0	0	0	0	| 2 2 >, (19606.4583, 13502.8942, 6, 17997.06))
(< depot 0 | 1 2  ||	depot 1 | 1 2  ||
2	2	1	0	2	0
0	0	1	0	0	0	| 3 3
1	0	0	0	0	0	| 1 1
0	0	0	0	1	0	| 5 5
2	0	0	0	0	0	| 0 1
0	1	0	0	0	0	| 2 2 >, (19606.4583, 13502.8942, 6, 17997.06))
(< depot 0 | 1 2  ||	depot 1 | 1 2  ||
1	2	1	0	0	2
0	0	1	0	0	0	| 3 3
1	0	0	0	0	0	| 1 1
0	0	0	0	0	1	| 6 6
2	0	0	0	0	0	| 0 1
0	1	0	0	0	0	| 2 2 >, (19606.4583, 13502.8942, 6, 17997.06))
(< depot 0 | 1 2  ||	depot 1 | 1 2  ||
2	2	1	0	0	2
0	0	1	0	0	0	| 3 3
1	0	0	0	0	0	| 1 1
0	0	0	0	0	1	| 6 6
2	0	0	0	0	0	| 0 1
0	1	0	0	0	0	| 2 2 >, (19606.4583, 13502.8942, 6, 17997.06))
(< depot 0 | 1 2  ||	depot 1 | 1 2  ||
1	2	0	1	2	0
0	0	0	1	0	0	| 4 4
1	0	0	0	0	0	| 1 1
0	0	0	0	1	0	| 5 5
2	0	0	0	0	0	| 0 1
0	1	0	0	0	0	| 2 2 >, (19606.4583, 13502.8942, 6, 17997.06))
(< depot 0 | 1 2  ||	depot 1 | 1 2  ||
2	2	0	1	2	0
0	0	0	1	0	0	| 4 4
1	0	0	0	0	0	| 1 1
0	0	0	0	1	0	| 5 5
2	0	0	0	0	0	| 0 1
0	1	0	0	0	0	| 2 2 >, (19606.4583, 13502.8942, 6, 17997.06))
(< depot 0 | 1 2  ||	depot 1 | 1 2  ||
1	2	0	1	0	2
0	0	0	1	0	0	| 4 4
1	0	0	0	0	0	| 1 1
0	0	0	0	0	1	| 6 6
2	0	0	0	0	0	| 0 1
0	1	0	0	0	0	| 2 2 >, (19606.4583, 13502.8942, 6, 17997.06))
(< depot 0 | 1 2  ||	depot 1 | 1 2  ||
2	2	0	1	0	2
0	0	0	1	0	0	| 4 4
1	0	0	0	0	0	| 1 1
0	0	0	0	0	1	| 6 6
2	0	0	0	0	0	| 0 1
0	1	0	0	0	0	| 2 2 >, (19606.4583, 13502.8942, 6, 17997.06))
(< depot 0 | 3  ||	depot 1 | 3  ||
3	3	3	0	3	0
0	1	0	0	0	0	| 2 2
0	0	1	0	1	0	| 5 3
0	2	0	0	0	0	| 2 2
0	0	2	0	0	0	| 0 3
1	0	0	0	0	0	| 1 1 >, (20138.547, 12441.8348, 6, 17820.48))
(< depot 0 | 3  ||	depot 1 | 3  ||
3	3	0	3	3	0
0	1	0	0	0	0	| 2 2
0	0	0	1	1	0	| 5 4
0	2	0	0	0	0	| 2 2
0	0	0	2	0	0	| 0 4
1	0	0	0	0	0	| 1 1 >, (20138.547, 12441.8348, 6, 17820.48))
(< depot 0 | 3  ||	depot 1 | 3  ||
3	3	3	0	0	3
0	1	0	0	0	0	| 2 2
0	0	1	0	0	1	| 6 3
0	2	0	0	0	0	| 2 2
0	0	2	0	0	0	| 0 3
1	0	0	0	0	0	| 1 1 >, (20138.547, 12441.8348, 6, 17820.48))
(< depot 0 | 3  ||	depot 1 | 3  ||
3	3	0	3	0	3
0	1	0	0	0	0	| 2 2
0	0	0	1	0	1	| 6 4
0	2	0	0	0	0	| 2 2
0	0	0	2	0	0	| 0 4
1	0	0	0	0	0	| 1 1 >, (20138.547, 12441.8348, 6, 17820.48))
(< depot 0 | 1 3  ||	depot 1 | 1 3  ||
1	1	3	0	3	0
0	1	0	0	0	0	| 2 2
0	0	1	0	1	0	| 5 3 
0	2	0	0	0	0	| 2 2 
0	0	2	0	0	0	| 0 3 
1	0	0	0	0	0	| 1 1 >, (22502.6373, 11468.3327, 6, 18806.19))
(< depot 0 | 1 3  ||	depot 1 | 1 3  ||	
1	1	0	3	3	0	
0	1	0	0	0	0	| 2 2 
0	0	0	1	1	0	| 5 4 
0	2	0	0	0	0	| 2 2 
0	0	0	2	0	0	| 0 4 
1	0	0	0	0	0	| 1 1 >, (22502.6373, 11468.3327, 6, 18806.19))
(< depot 0 | 1 3  ||	depot 1 | 1 3  ||	
1	1	3	0	0	3	
0	1	0	0	0	0	| 2 2 
0	0	1	0	0	1	| 6 3 
0	2	0	0	0	0	| 2 2 
0	0	2	0	0	0	| 0 3 
1	0	0	0	0	0	| 1 1 >, (22502.6373, 11468.3327, 6, 18806.19))
(< depot 0 | 1 3  ||	depot 1 | 1 3  ||	
1	1	0	3	0	3	
0	1	0	0	0	0	| 2 2 
0	0	0	1	0	1	| 6 4 
0	2	0	0	0	0	| 2 2 
0	0	0	2	0	0	| 0 4 
1	0	0	0	0	0	| 1 1 >, (22502.6373, 11468.3327, 6, 18806.19))
(< depot 0 | 1 3  ||	depot 1 | 1 3  ||	
3	1	3	0	1	0	
0	0	1	0	0	0	| 3 3 
1	0	0	0	0	0	| 1 1 
0	0	0	0	1	0	| 5 5 
2	0	0	0	0	0	| 0 1 
0	1	0	0	0	0	| 2 2 >, (22502.6373, 11611.3266, 6, 18759.100000000002))
(< depot 0 | 1 3  ||	depot 1 | 1 3  ||	
3	1	3	0	0	1	
0	0	1	0	0	0	| 3 3 
1	0	0	0	0	0	| 1 1 
0	0	0	0	0	1	| 6 6 
2	0	0	0	0	0	| 0 1 
0	1	0	0	0	0	| 2 2 >, (22502.6373, 11611.3266, 6, 18759.100000000002))
(< depot 0 | 1 3  ||	depot 1 | 1 3  ||	
3	1	0	3	1	0	
0	0	0	1	0	0	| 4 4 
1	0	0	0	0	0	| 1 1 
0	0	0	0	1	0	| 5 5 
2	0	0	0	0	0	| 0 1 
0	1	0	0	0	0	| 2 2 >, (22502.6373, 11611.3266, 6, 18759.100000000002))
(< depot 0 | 1 3  ||	depot 1 | 1 3  ||	
3	1	0	3	0	1	
0	0	0	1	0	0	| 4 4 
1	0	0	0	0	0	| 1 1 
0	0	0	0	0	1	| 6 6 
2	0	0	0	0	0	| 0 1 
0	1	0	0	0	0	| 2 2 >, (22502.6373, 11611.3266, 6, 18759.100000000002))
(< depot 0 | 2 3  ||	depot 1 | 3  ||	
3	3	3	0	2	0	
0	0	1	0	0	0	| 3 3 
1	0	0	0	0	0	| 1 1 
0	1	0	0	1	0	| 5 2 
2	0	0	0	0	0	| 0 1 
0	2	0	0	0	0	| 2 2 >, (23694.7854, 10758.338699999998, 6, 19201.47))
(< depot 0 | 2 3  ||	depot 1 | 3  ||	
3	3	3	0	0	2	
0	0	1	0	0	0	| 3 3 
1	0	0	0	0	0	| 1 1 
0	1	0	0	0	1	| 6 2 
2	0	0	0	0	0	| 0 1 
0	2	0	0	0	0	| 2 2 >, (23694.7854, 10758.338699999998, 6, 19201.47))
(< depot 0 | 2 3  ||	depot 1 | 3  ||	
3	3	0	3	2	0	
0	0	0	1	0	0	| 4 4 
1	0	0	0	0	0	| 1 1 
0	1	0	0	1	0	| 5 2 
2	0	0	0	0	0	| 0 1 
0	2	0	0	0	0	| 2 2 >, (23694.7854, 10758.338699999998, 6, 19201.47))
(< depot 0 | 2 3  ||	depot 1 | 3  ||	
3	3	0	3	0	2	
0	0	0	1	0	0	| 4 4 
1	0	0	0	0	0	| 1 1 
0	1	0	0	0	1	| 6 2 
2	0	0	0	0	0	| 0 1 
0	2	0	0	0	0	| 2 2 >, (23694.7854, 10758.338699999998, 6, 19201.47))
(< depot 0 | 2 3  ||	depot 1 | 1 3  ||	
3	2	3	1	0	0	
0	0	1	0	0	0	| 3 3 
1	0	0	0	0	0	| 1 1 
0	1	0	1	0	0	| 2 4 
2	0	0	0	0	0	| 0 1 
0	2	0	2	0	0	| 2 4 >, (25526.786999999997, 10741.1356, 6, 20333.519999999997))
(< depot 0 | 2 3  ||	depot 1 | 1 3  ||	
3	2	1	3	0	0	
0	0	0	1	0	0	| 4 4 
1	0	0	0	0	0	| 1 1 
0	1	1	0	0	0	| 2 3 
2	0	0	0	0	0	| 0 1 
0	2	2	0	0	0	| 2 3 >, (25526.786999999997, 10741.1356, 6, 20333.519999999997))
(< depot 0 | 1 2 3  ||	depot 1 | 1 3  ||	
3	1	3	0	2	0	
0	0	1	0	0	0	| 3 3 
1	0	0	0	0	0	| 1 1 
0	1	0	0	1	0	| 5 2 
2	0	0	0	0	0	| 0 1 
0	2	0	0	0	0	| 2 2 >, (25594.14, 10039.7486, 6, 20025.06))
(< depot 0 | 1 2 3  ||	depot 1 | 1 3  ||	
3	1	3	0	0	2	
0	0	1	0	0	0	| 3 3 
1	0	0	0	0	0	| 1 1 
0	1	0	0	0	1	| 6 2 
2	0	0	0	0	0	| 0 1 
0	2	0	0	0	0	| 2 2 >, (25594.14, 10039.7486, 6, 20025.06))
(< depot 0 | 1 2 3  ||	depot 1 | 1 3  ||	
3	1	0	3	2	0	
0	0	0	1	0	0	| 4 4 
1	0	0	0	0	0	| 1 1 
0	1	0	0	1	0	| 5 2 
2	0	0	0	0	0	| 0 1 
0	2	0	0	0	0	| 2 2 >, (25594.14, 10039.7486, 6, 20025.06))
(< depot 0 | 1 2 3  ||	depot 1 | 1 3  ||	
3	1	0	3	0	2	
0	0	0	1	0	0	| 4 4 
1	0	0	0	0	0	| 1 1 
0	1	0	0	0	1	| 6 2 
2	0	0	0	0	0	| 0 1 
0	2	0	0	0	0	| 2 2 >, (25594.14, 10039.7486, 6, 20025.06))
(< depot 0 | 2 3  ||	depot 1 | 2 3  ||	
3	2	3	0	2	0	
0	0	1	0	0	0	| 3 3 
1	0	0	0	0	0	| 1 1 
0	0	0	0	1	0	| 5 5 
2	0	0	0	0	0	| 0 1 
0	1	0	0	0	0	| 2 2 >, (28598.0838, 7913.0542000000005, 6, 20877.06))
(< depot 0 | 2 3  ||	depot 1 | 2 3  ||	
3	2	3	0	0	2	
0	0	1	0	0	0	| 3 3 
1	0	0	0	0	0	| 1 1 
0	0	0	0	0	1	| 6 6 
2	0	0	0	0	0	| 0 1 
0	1	0	0	0	0	| 2 2 >, (28598.0838, 7913.0542000000005, 6, 20877.06))
(< depot 0 | 2 3  ||	depot 1 | 2 3  ||	
3	2	0	3	2	0	
0	0	0	1	0	0	| 4 4 
1	0	0	0	0	0	| 1 1 
0	0	0	0	1	0	| 5 5 
2	0	0	0	0	0	| 0 1 
0	1	0	0	0	0	| 2 2 >, (28598.0838, 7913.0542000000005, 6, 20877.06))
(< depot 0 | 2 3  ||	depot 1 | 2 3  ||	
3	2	0	3	0	2	
0	0	0	1	0	0	| 4 4 
1	0	0	0	0	0	| 1 1 
0	0	0	0	0	1	| 6 6 
2	0	0	0	0	0	| 0 1 
0	1	0	0	0	0	| 2 2 >, (28598.0838, 7913.0542000000005, 6, 20877.06))
