pop front
< depot 0 | 1  ||	depot 1 | 1  ||	
1	1	0	1	1	0	
0	0	0	1	0	0	| 4 4 
1	0	0	0	0	0	| 1 1 
0	0	0	0	1	0	| 5 5 
2	0	0	0	0	0	| 0 1 
0	1	0	0	0	0	| 2 2 >
(8567.301599999999, 17201.1666, 6.0, 12884.38)
< depot 0 | 1  ||	depot 1 | 1  ||	
1	1	1	0	1	0	
0	0	1	0	0	0	| 3 3 
1	0	0	0	0	0	| 1 1 
0	0	0	0	1	0	| 5 5 
2	0	0	0	0	0	| 0 1 
0	1	0	0	0	0	| 2 2 >
(8567.301599999999, 17201.1666, 6.0, 12884.38)
< depot 0 | 1  ||	depot 1 | 1  ||	
1	1	0	1	0	1	
0	0	0	1	0	0	| 4 4 
1	0	0	0	0	0	| 1 1 
0	0	0	0	0	1	| 6 6 
2	0	0	0	0	0	| 0 1 
0	1	0	0	0	0	| 2 2 >
(8567.301599999999, 17201.1666, 6.0, 12884.38)
< depot 0 | 1  ||	depot 1 | 1  ||	
1	1	1	0	0	1	
0	0	1	0	0	0	| 3 3 
1	0	0	0	0	0	| 1 1 
0	0	0	0	0	1	| 6 6 
2	0	0	0	0	0	| 0 1 
0	1	0	0	0	0	| 2 2 >
(8567.301599999999, 17201.1666, 6.0, 12884.38)
< depot 0 | 1 2  ||	depot 1 | 1  ||	
1	1	1	0	0	2	
0	0	1	0	0	0	| 3 3 
1	0	0	0	0	0	| 1 1 
0	1	0	0	0	1	| 6 2 
2	0	0	0	0	0	| 0 1 
0	2	0	0	0	0	| 2 2 >
(14063.3064, 15629.588600000001, 6.0, 15606.900000000001)
< depot 0 | 1 2  ||	depot 1 | 1  ||	
1	1	1	0	2	0	
0	0	1	0	0	0	| 3 3 
1	0	0	0	0	0	| 1 1 
0	1	0	0	1	0	| 5 2 
2	0	0	0	0	0	| 0 1 
0	2	0	0	0	0	| 2 2 >
(14063.3064, 15629.588600000001, 6.0, 15606.900000000001)
< depot 0 | 1 2  ||	depot 1 | 1  ||	
1	1	0	1	0	2	
0	0	0	1	0	0	| 4 4 
1	0	0	0	0	0	| 1 1 
0	0	0	0	0	1	| 6 2 
2	0	0	0	0	0	| 0 1 
0	1	0	0	0	0	| 2 2 >
(14063.3064, 15629.588600000001, 6.0, 15606.900000000001)
< depot 0 | 1 2  ||	depot 1 | 1  ||	
1	1	0	1	2	0	
0	0	0	1	0	0	| 4 4 
1	0	0	0	0	0	| 1 1 
0	1	0	0	1	0	| 5 2 
2	0	0	0	0	0	| 0 1 
0	2	0	0	0	0	| 2 2 >
(14063.3064, 15629.588600000001, 6.0, 15606.900000000001)
< depot 0 | 1  ||	depot 1 | 1 3  ||	
1	1	0	3	0	1	
1	0	0	0	0	0	| 1 1 
2	0	0	1	0	0	| 1 4 
0	1	0	0	0	0	| 6 6 
0	0	0	2	0	0	| 0 4 
0	2	0	0	0	1	| 2 2 >
(14885.012999999997, 15464.021400000001, 6.0, 15913.18)
< depot 0 | 1  ||	depot 1 | 1 3  ||	
1	1	3	0	1	0	
1	0	0	0	0	0	| 1 1 
2	0	1	0	0	0	| 1 3 
0	0	0	0	1	0	| 5 5 
0	0	2	0	0	0	| 0 3 
0	1	0	0	0	0	| 2 2 >
(14885.012999999997, 15464.021400000001, 6.0, 15913.18)
< depot 0 | 1  ||	depot 1 | 1 3  ||	
1	1	0	3	1	0	
1	0	0	0	0	0	| 1 1 
2	0	0	1	0	0	| 1 4 
0	0	0	0	1	0	| 5 5 
0	0	0	2	0	0	| 0 4 
0	1	0	0	0	0	| 2 2 >
(14885.012999999997, 15464.021400000001, 6.0, 15913.18)
< depot 0 | 1  ||	depot 1 | 1 3  ||	
1	1	3	0	0	1	
1	0	0	0	0	0	| 1 1 
2	0	1	0	0	0	| 1 3 
0	0	0	0	0	1	| 6 6 
0	0	2	0	0	0	| 0 3 
0	1	0	0	0	0	| 2 2 >
(14885.012999999997, 15464.021400000001, 6.0, 15913.18)
< depot 0 | 1  ||	depot 1 | 1 2 3  ||	
1	1	3	0	0	2	
1	0	0	0	0	0	| 1 1 
2	0	1	0	0	0	| 1 3 
0	1	0	0	0	0	| 2 2 
0	0	2	0	0	0	| 0 3 
0	2	0	0	0	1	| 2 6 >
(17976.5157, 14434.245200000001, 6.0, 17401.320000000003)
< depot 0 | 1  ||	depot 1 | 1 2 3  ||	
1	1	0	3	0	2	
1	0	0	0	0	0	| 1 1 
2	0	0	1	0	0	| 1 4 
0	1	0	0	0	0	| 2 2 
0	0	0	2	0	0	| 0 4 
0	2	0	0	0	1	| 2 6 >
(17976.5157, 14434.245200000001, 6.0, 17401.320000000003)
< depot 0 | 1  ||	depot 1 | 1 2 3  ||	
1	1	0	3	2	0	
1	0	0	0	0	0	| 1 1 
2	0	0	1	0	0	| 1 4 
0	1	0	0	0	0	| 2 2 
0	0	0	2	0	0	| 0 4 
0	2	0	0	1	0	| 2 5 >
(17976.5157, 14434.245200000001, 6.0, 17401.320000000003)
< depot 0 | 1  ||	depot 1 | 1 2 3  ||	
1	1	3	0	2	0	
1	0	0	0	0	0	| 1 1 
2	0	1	0	0	0	| 1 3 
0	1	0	0	0	0	| 2 2 
0	0	2	0	0	0	| 0 3 
0	2	0	0	1	0	| 2 5 >
(17976.5157, 14434.245200000001, 6.0, 17401.320000000003)
< depot 0 | 1 2 3  ||	depot 1 | 1  ||	
1	1	0	0	2	3	
1	0	0	0	0	0	| 1 1 
2	0	0	0	0	1	| 6 1 
0	1	0	0	1	0	| 5 2 
3	0	0	0	0	0	| 0 1 
0	2	0	0	0	0	| 2 2 >
(19276.4286, 14082.522400000002, 6.0, 18028.200000000004)
< depot 0 | 1 2 3  ||	depot 1 | 1  ||	
1	1	0	0	3	2	
1	0	0	0	0	0	| 1 1 
2	0	0	0	1	0	| 5 1 
0	1	0	0	0	1	| 6 2 
3	0	0	0	0	0	| 0 1 
0	2	0	0	0	0	| 2 2 >
(19276.4286, 14082.522400000002, 6.0, 18028.200000000004)
< depot 0 | 1 2  ||	depot 1 | 1 2  ||	
2	2	0	1	2	0	
0	0	0	1	0	0	| 4 4 
1	0	0	0	0	0	| 1 1 
0	0	0	0	1	0	| 5 5 
2	0	0	0	0	0	| 0 1 
0	1	0	0	0	0	| 2 2 >
(19606.4583, 13502.8942, 6.0, 17997.06)
< depot 0 | 1 2  ||	depot 1 | 1 2  ||	
1	2	1	0	0	2	
0	0	1	0	0	0	| 3 3 
1	0	0	0	0	0	| 1 1 
0	0	0	0	0	1	| 6 6 
2	0	0	0	0	0	| 0 1 
0	1	0	0	0	0	| 2 2 >
(19606.4583, 13502.8942, 6.0, 17997.06)
< depot 0 | 1 2  ||	depot 1 | 1 2  ||	
2	2	1	0	0	2	
0	0	1	0	0	0	| 3 3 
1	0	0	0	0	0	| 1 1 
0	0	0	0	0	1	| 6 6 
2	0	0	0	0	0	| 0 1 
0	1	0	0	0	0	| 2 2 >
(19606.4583, 13502.8942, 6.0, 17997.06)
< depot 0 | 1 2  ||	depot 1 | 1 2  ||	
2	2	1	0	2	0	
0	0	1	0	0	0	| 3 3 
1	0	0	0	0	0	| 1 1 
0	0	0	0	1	0	| 5 5 
2	0	0	0	0	0	| 0 1 
0	1	0	0	0	0	| 2 2 >
(19606.4583, 13502.8942, 6.0, 17997.06)
< depot 0 | 1 2  ||	depot 1 | 1 2  ||	
1	2	1	0	2	0	
0	0	1	0	0	0	| 3 3 
1	0	0	0	0	0	| 1 1 
0	0	0	0	1	0	| 5 5 
2	0	0	0	0	0	| 0 1 
0	1	0	0	0	0	| 2 2 >
(19606.4583, 13502.8942, 6.0, 17997.06)
< depot 0 | 1 2  ||	depot 1 | 1 2  ||	
1	2	0	1	2	0	
0	0	0	1	0	0	| 4 4 
1	0	0	0	0	0	| 1 1 
0	0	0	0	1	0	| 5 5 
2	0	0	0	0	0	| 0 1 
0	1	0	0	0	0	| 2 2 >
(19606.4583, 13502.8942, 6.0, 17997.06)
< depot 0 | 1 2  ||	depot 1 | 1 2  ||	
2	2	0	1	0	2	
0	0	0	1	0	0	| 4 4 
1	0	0	0	0	0	| 1 1 
0	0	0	0	0	1	| 6 6 
2	0	0	0	0	0	| 0 1 
0	1	0	0	0	0	| 2 2 >
(19606.4583, 13502.8942, 6.0, 17997.06)
< depot 0 | 1 2  ||	depot 1 | 1 2  ||	
1	2	0	1	0	2	
0	0	0	1	0	0	| 4 4 
1	0	0	0	0	0	| 1 1 
0	0	0	0	0	1	| 6 6 
2	0	0	0	0	0	| 0 1 
0	1	0	0	0	0	| 2 2 >
(19606.4583, 13502.8942, 6.0, 17997.06)
< depot 0 | 3  ||	depot 1 | 3  ||	
3	3	0	3	3	0	
0	1	0	0	0	0	| 2 2 
0	0	0	1	1	0	| 5 4 
0	2	0	0	0	0	| 2 2 
0	0	0	2	0	0	| 0 4 
1	0	0	0	0	0	| 1 1 >
(20138.547, 12441.8348, 6.0, 17820.48)
< depot 0 | 3  ||	depot 1 | 3  ||	
3	3	3	0	0	3	
0	1	0	0	0	0	| 2 2 
0	0	1	0	0	1	| 6 3 
0	2	0	0	0	0	| 2 2 
0	0	2	0	0	0	| 0 3 
1	0	0	0	0	0	| 1 1 >
(20138.547, 12441.8348, 6.0, 17820.48)
< depot 0 | 3  ||	depot 1 | 3  ||	
3	3	0	3	0	3	
0	1	0	0	0	0	| 2 2 
0	0	0	1	0	1	| 6 4 
0	2	0	0	0	0	| 2 2 
0	0	0	0	0	0	| 0 4 
1	0	0	0	0	0	| 1 1 >
(20138.547, 12441.8348, 6.0, 17820.48)
< depot 0 | 3  ||	depot 1 | 3  ||	
3	3	3	0	3	0	
0	1	0	0	0	0	| 2 2 
0	0	1	0	1	0	| 5 3 
0	2	0	0	0	0	| 2 2 
0	0	2	0	0	0	| 0 3 
1	0	0	0	0	0	| 1 1 >
(20138.547, 12441.8348, 6.0, 17820.48)
< depot 0 | 1 3  ||	depot 1 | 1 3  ||	
1	1	0	3	0	3	
0	1	0	0	0	0	| 2 2 
0	0	0	1	0	1	| 6 4 
0	2	0	0	0	0	| 2 2 
0	0	0	2	0	0	| 0 4 
1	0	0	0	0	0	| 1 1 >
(22502.6373, 11468.3327, 6.0, 18806.19)
< depot 0 | 1 3  ||	depot 1 | 1 3  ||	
1	1	0	3	3	0	
0	1	0	0	0	0	| 2 2 
0	0	0	1	1	0	| 5 4 
0	2	0	0	0	0	| 2 2 
0	0	0	2	0	0	| 0 4 
1	0	0	0	0	0	| 1 1 >
(22502.6373, 11468.3327, 6.0, 18806.19)
< depot 0 | 1 3  ||	depot 1 | 1 3  ||	
1	1	3	0	0	3	
0	1	0	0	0	0	| 2 2 
0	0	1	0	0	1	| 6 3 
0	2	0	0	0	0	| 2 2 
0	0	2	0	0	0	| 0 3 
1	0	0	0	0	0	| 1 1 >
(22502.6373, 11468.3327, 6.0, 18806.19)
< depot 0 | 1 3  ||	depot 1 | 1 3  ||	
1	1	3	0	3	0	
0	1	0	0	0	0	| 2 2 
0	0	1	0	1	0	| 5 3 
0	2	0	0	0	0	| 2 2 
0	0	2	0	0	0	| 0 3 
1	0	0	0	0	0	| 1 1 >
(22502.6373, 11468.3327, 6.0, 18806.19)
< depot 0 | 1 3  ||	depot 1 | 1 3  ||	
3	1	3	0	1	0	
0	0	1	0	0	0	| 3 3 
0	0	0	0	0	0	| 1 1 
0	0	0	0	1	0	| 5 5 
0	0	0	0	0	0	| 0 1 
0	1	0	0	0	0	| 2 2 >
(22502.6373, 11611.3266, 6.0, 18759.100000000002)
< depot 0 | 1 3  ||	depot 1 | 1 3  ||	
3	1	3	0	0	1	
0	0	1	0	0	0	| 3 3 
1	0	0	0	0	0	| 1 1 
0	0	0	0	0	1	| 6 6 
2	0	0	0	0	0	| 0 1 
0	1	0	0	0	0	| 2 2 >
(22502.6373, 11611.3266, 6.0, 18759.100000000002)
< depot 0 | 1 3  ||	depot 1 | 1 3  ||	
3	1	0	3	1	0	
0	0	0	1	0	0	| 4 4 
1	0	0	0	0	0	| 1 1 
0	0	0	0	1	0	| 5 5 
2	0	0	0	0	0	| 0 1 
0	1	0	0	0	0	| 2 2 >
(22502.6373, 11611.3266, 6.0, 18759.100000000002)
< depot 0 | 1 3  ||	depot 1 | 1 3  ||	
3	1	0	3	0	1	
0	0	0	1	0	0	| 4 4 
1	0	0	0	0	0	| 1 1 
0	0	0	0	0	1	| 6 6 
2	0	0	0	0	0	| 0 1 
0	1	0	0	0	0	| 2 2 >
(22502.6373, 11611.3266, 6.0, 18759.100000000002)
< depot 0 | 2 3  ||	depot 1 | 3  ||	
3	3	3	0	0	2	
0	0	1	0	0	0	| 3 3 
1	0	0	0	0	0	| 1 1 
0	1	0	0	0	1	| 6 2 
2	0	0	0	0	0	| 0 1 
0	2	0	0	0	0	| 2 2 >
(23694.7854, 10758.338699999998, 6.0, 19201.47)
< depot 0 | 2 3  ||	depot 1 | 3  ||	
3	3	0	3	2	0	
0	0	0	1	0	0	| 4 4 
0	0	0	0	0	0	| 1 1 
0	1	0	0	1	0	| 5 2 
0	0	0	0	0	0	| 0 1 
0	2	0	0	0	0	| 2 2 >
(23694.7854, 10758.338699999998, 6.0, 19201.47)
< depot 0 | 2 3  ||	depot 1 | 3  ||	
3	3	3	0	2	0	
0	0	1	0	0	0	| 3 3 
1	0	0	0	0	0	| 1 1 
0	1	0	0	1	0	| 5 2 
2	0	0	0	0	0	| 0 1 
0	2	0	0	0	0	| 2 2 >
(23694.7854, 10758.338699999998, 6.0, 19201.47)
< depot 0 | 2 3  ||	depot 1 | 3  ||	
3	3	0	3	0	2	
0	0	0	1	0	0	| 4 4 
1	0	0	0	0	0	| 1 1 
0	1	0	0	0	1	| 6 2 
2	0	0	0	0	0	| 0 1 
0	2	0	0	0	0	| 2 2 >
(23694.7854, 10758.338699999998, 6.0, 19201.47)
< depot 0 | 2 3  ||	depot 1 | 1 3  ||	
3	2	1	3	0	0	
0	0	0	1	0	0	| 4 4 
1	0	0	0	0	0	| 1 1 
0	1	1	0	0	0	| 2 3 
2	0	0	0	0	0	| 0 1 
0	2	2	0	0	0	| 2 3 >
(25526.786999999997, 10741.1356, 6.0, 20333.519999999997)
< depot 0 | 2 3  ||	depot 1 | 1 3  ||	
3	2	3	1	0	0	
0	0	1	0	0	0	| 3 3 
1	0	0	0	0	0	| 1 1 
0	1	0	1	0	0	| 2 4 
2	0	0	0	0	0	| 0 1 
0	2	0	2	0	0	| 2 4 >
(25526.786999999997, 10741.1356, 6.0, 20333.519999999997)
< depot 0 | 1 2 3  ||	depot 1 | 1 3  ||	
3	1	3	0	2	0	
0	0	1	0	0	0	| 3 3 
1	0	0	0	0	0	| 1 1 
0	1	0	0	1	0	| 5 2 
2	0	0	0	0	0	| 0 1 
0	2	0	0	0	0	| 2 2 >
(25594.14, 10039.7486, 6.0, 20025.06)
< depot 0 | 1 2 3  ||	depot 1 | 1 3  ||	
3	1	0	3	0	2	
0	0	0	1	0	0	| 4 4 
1	0	0	0	0	0	| 1 1 
0	1	0	0	0	1	| 6 2 
2	0	0	0	0	0	| 0 1 
0	2	0	0	0	0	| 2 2 >
(25594.14, 10039.7486, 6.0, 20025.06)
< depot 0 | 1 2 3  ||	depot 1 | 1 3  ||	
3	1	0	3	2	0	
0	0	0	1	0	0	| 4 4 
1	0	0	0	0	0	| 1 1 
0	1	0	0	1	0	| 5 2 
2	0	0	0	0	0	| 0 1 
0	2	0	0	0	0	| 2 2 >
(25594.14, 10039.7486, 6.0, 20025.06)
< depot 0 | 1 2 3  ||	depot 1 | 1 3  ||	
3	1	3	0	0	2	
0	0	1	0	0	0	| 3 3 
1	0	0	0	0	0	| 1 1 
0	1	0	0	0	1	| 6 2 
2	0	0	0	0	0	| 0 1 
0	2	0	0	0	0	| 2 2 >
(25594.14, 10039.7486, 6.0, 20025.06)
< depot 0 | 2 3  ||	depot 1 | 2 3  ||	
3	2	3	0	0	2	
0	0	1	0	0	0	| 3 3 
1	0	0	0	0	0	| 1 1 
0	0	0	0	0	1	| 6 6 
2	0	0	0	0	0	| 0 1 
0	0	0	0	0	0	| 2 2 >
(28598.0838, 7913.0542000000005, 6.0, 20877.06)
< depot 0 | 2 3  ||	depot 1 | 2 3  ||	
3	2	0	3	2	0	
0	0	0	0	0	0	| 4 4 
0	0	0	0	0	0	| 1 1 
0	0	0	0	0	0	| 5 5 
0	0	0	0	0	0	| 0 1 
0	0	0	0	0	0	| 2 2 >
(28598.0838, 7913.0542000000005, 6.0, 20877.06)
< depot 0 | 2 3  ||	depot 1 | 2 3  ||	
3	2	0	3	0	2	
0	0	0	0	0	0	| 4 4 
0	0	0	0	0	0	| 1 1 
0	0	0	0	0	0	| 6 6 
0	0	0	0	0	0	| 0 1 
0	0	0	0	0	0	| 2 2 >
(28598.0838, 7913.0542000000005, 6.0, 20877.06)
< depot 0 | 2 3  ||	depot 1 | 2 3  ||	
3	2	3	0	2	0	
0	0	1	0	0	0	| 3 3 
1	0	0	0	0	0	| 1 1 
0	0	0	0	1	0	| 5 5 
2	0	0	0	0	0	| 0 1 
0	1	0	0	0	0	| 2 2 >
(28598.0838, 7913.0542000000005, 6.0, 20877.06)
          8567.30160	         17201.16660	    6	         12884.38000
          8567.30160	         17201.16660	    6	         12884.38000
          8567.30160	         17201.16660	    6	         12884.38000
          8567.30160	         17201.16660	    6	         12884.38000
         14063.30640	         15629.58860	    6	         15606.90000
         14063.30640	         15629.58860	    6	         15606.90000
         14063.30640	         15629.58860	    6	         15606.90000
         14063.30640	         15629.58860	    6	         15606.90000
         14885.01300	         15464.02140	    6	         15913.18000
         14885.01300	         15464.02140	    6	         15913.18000
         14885.01300	         15464.02140	    6	         15913.18000
         14885.01300	         15464.02140	    6	         15913.18000
         17976.51570	         14434.24520	    6	         17401.32000
         17976.51570	         14434.24520	    6	         17401.32000
         17976.51570	         14434.24520	    6	         17401.32000
         17976.51570	         14434.24520	    6	         17401.32000
         19276.42860	         14082.52240	    6	         18028.20000
         19276.42860	         14082.52240	    6	         18028.20000
         19606.45830	         13502.89420	    6	         17997.06000
         19606.45830	         13502.89420	    6	         17997.06000
         19606.45830	         13502.89420	    6	         17997.06000
         19606.45830	         13502.89420	    6	         17997.06000
         19606.45830	         13502.89420	    6	         17997.06000
         19606.45830	         13502.89420	    6	         17997.06000
         19606.45830	         13502.89420	    6	         17997.06000
         19606.45830	         13502.89420	    6	         17997.06000
         20138.54700	         12441.83480	    6	         17820.48000
         20138.54700	         12441.83480	    6	         17820.48000
         20138.54700	         12441.83480	    6	         17820.48000
         20138.54700	         12441.83480	    6	         17820.48000
         22502.63730	         11468.33270	    6	         18806.19000
         22502.63730	         11468.33270	    6	         18806.19000
         22502.63730	         11468.33270	    6	         18806.19000
         22502.63730	         11468.33270	    6	         18806.19000
         22502.63730	         11611.32660	    6	         18759.10000
         22502.63730	         11611.32660	    6	         18759.10000
         22502.63730	         11611.32660	    6	         18759.10000
         22502.63730	         11611.32660	    6	         18759.10000
         23694.78540	         10758.33870	    6	         19201.47000
         23694.78540	         10758.33870	    6	         19201.47000
         23694.78540	         10758.33870	    6	         19201.47000
         23694.78540	         10758.33870	    6	         19201.47000
         25526.78700	         10741.13560	    6	         20333.52000
         25526.78700	         10741.13560	    6	         20333.52000
         25594.14000	         10039.74860	    6	         20025.06000
         25594.14000	         10039.74860	    6	         20025.06000
         25594.14000	         10039.74860	    6	         20025.06000
         25594.14000	         10039.74860	    6	         20025.06000
         28598.08380	          7913.05420	    6	         20877.06000
         28598.08380	          7913.05420	    6	         20877.06000
         28598.08380	          7913.05420	    6	         20877.06000
         28598.08380	          7913.05420	    6	         20877.06000

pareto front
< depot 0 | 1  ||	depot 1 | 1  ||	
1	1	1	0	1	0	
0	0	1	0	0	0	| 3 3 
1	0	0	0	0	0	| 1 1 
0	0	0	0	1	0	| 5 5 
2	0	0	0	0	0	| 0 1 
0	1	0	0	0	0	| 2 2 >
(8567.301599999999, 17201.1666, 6.0, 12884.38)
< depot 0 | 1  ||	depot 1 | 1  ||	
1	1	1	0	0	1	
0	0	1	0	0	0	| 3 3 
1	0	0	0	0	0	| 1 1 
0	0	0	0	0	1	| 6 6 
2	0	0	0	0	0	| 0 1 
0	1	0	0	0	0	| 2 2 >
(8567.301599999999, 17201.1666, 6.0, 12884.38)
< depot 0 | 1  ||	depot 1 | 1  ||	
1	1	0	1	1	0	
0	0	0	1	0	0	| 4 4 
1	0	0	0	0	0	| 1 1 
0	0	0	0	1	0	| 5 5 
2	0	0	0	0	0	| 0 1 
0	1	0	0	0	0	| 2 2 >
(8567.301599999999, 17201.1666, 6.0, 12884.38)
< depot 0 | 1  ||	depot 1 | 1  ||	
1	1	0	1	0	1	
0	0	0	1	0	0	| 4 4 
1	0	0	0	0	0	| 1 1 
0	0	0	0	0	1	| 6 6 
2	0	0	0	0	0	| 0 1 
0	1	0	0	0	0	| 2 2 >
(8567.301599999999, 17201.1666, 6.0, 12884.38)
< depot 0 | 1 2  ||	depot 1 | 1  ||	
1	1	1	0	2	0	
0	0	1	0	0	0	| 3 3 
1	0	0	0	0	0	| 1 1 
0	1	0	0	1	0	| 5 2 
2	0	0	0	0	0	| 0 1 
0	2	0	0	0	0	| 2 2 >
(14063.3064, 15629.588600000001, 6.0, 15606.900000000001)
< depot 0 | 1 2  ||	depot 1 | 1  ||	
1	1	1	0	0	2	
0	0	1	0	0	0	| 3 3 
1	0	0	0	0	0	| 1 1 
0	1	0	0	0	1	| 6 2 
2	0	0	0	0	0	| 0 1 
0	2	0	0	0	0	| 2 2 >
(14063.3064, 15629.588600000001, 6.0, 15606.900000000001)
< depot 0 | 1 2  ||	depot 1 | 1  ||	
1	1	0	1	2	0	
0	0	0	1	0	0	| 4 4 
1	0	0	0	0	0	| 1 1 
0	1	0	0	1	0	| 5 2 
2	0	0	0	0	0	| 0 1 
0	2	0	0	0	0	| 2 2 >
(14063.3064, 15629.588600000001, 6.0, 15606.900000000001)
< depot 0 | 1 2  ||	depot 1 | 1  ||	
1	1	0	1	0	2	
0	0	0	1	0	0	| 4 4 
1	0	0	0	0	0	| 1 1 
0	1	0	0	0	1	| 6 2 
2	0	0	0	0	0	| 0 1 
0	2	0	0	0	0	| 2 2 >
(14063.3064, 15629.588600000001, 6.0, 15606.900000000001)
< depot 0 | 1  ||	depot 1 | 1 3  ||	
1	1	3	0	1	0	
1	0	0	0	0	0	| 1 1 
2	0	1	0	0	0	| 1 3 
0	0	0	0	1	0	| 5 5 
0	0	2	0	0	0	| 0 3 
0	1	0	0	0	0	| 2 2 >
(14885.012999999997, 15464.021400000001, 6.0, 15913.18)
< depot 0 | 1  ||	depot 1 | 1 3  ||	
1	1	3	0	0	1	
1	0	0	0	0	0	| 1 1 
2	0	1	0	0	0	| 1 3 
0	0	0	0	0	1	| 6 6 
0	0	2	0	0	0	| 0 3 
0	1	0	0	0	0	| 2 2 >
(14885.012999999997, 15464.021400000001, 6.0, 15913.18)
< depot 0 | 1  ||	depot 1 | 1 3  ||	
1	1	0	3	1	0	
1	0	0	0	0	0	| 1 1 
2	0	0	1	0	0	| 1 4 
0	0	0	0	1	0	| 5 5 
0	0	0	2	0	0	| 0 4 
0	1	0	0	0	0	| 2 2 >
(14885.012999999997, 15464.021400000001, 6.0, 15913.18)
< depot 0 | 1  ||	depot 1 | 1 3  ||	
1	1	0	3	0	1	
1	0	0	0	0	0	| 1 1 
2	0	0	1	0	0	| 1 4 
0	0	0	0	0	1	| 6 6 
0	0	0	2	0	0	| 0 4 
0	1	0	0	0	0	| 2 2 >
(14885.012999999997, 15464.021400000001, 6.0, 15913.18)
< depot 0 | 1  ||	depot 1 | 1 2 3  ||	
1	1	3	0	2	0	
1	0	0	0	0	0	| 1 1 
2	0	1	0	0	0	| 1 3 
0	1	0	0	0	0	| 2 2 
0	0	2	0	0	0	| 0 3 
0	2	0	0	1	0	| 2 5 >
(17976.5157, 14434.245200000001, 6.0, 17401.320000000003)
< depot 0 | 1  ||	depot 1 | 1 2 3  ||	
1	1	3	0	0	2	
1	0	0	0	0	0	| 1 1 
2	0	1	0	0	0	| 1 3 
0	1	0	0	0	0	| 2 2 
0	0	2	0	0	0	| 0 3 
0	2	0	0	0	1	| 2 6 >
(17976.5157, 14434.245200000001, 6.0, 17401.320000000003)
< depot 0 | 1  ||	depot 1 | 1 2 3  ||	
1	1	0	3	2	0	
1	0	0	0	0	0	| 1 1 
2	0	0	1	0	0	| 1 4 
0	1	0	0	0	0	| 2 2 
0	0	0	2	0	0	| 0 4 
0	2	0	0	1	0	| 2 5 >
(17976.5157, 14434.245200000001, 6.0, 17401.320000000003)
< depot 0 | 1  ||	depot 1 | 1 2 3  ||	
1	1	0	3	0	2	
1	0	0	0	0	0	| 1 1 
2	0	0	1	0	0	| 1 4 
0	1	0	0	0	0	| 2 2 
0	0	0	2	0	0	| 0 4 
0	2	0	0	0	1	| 2 6 >
(17976.5157, 14434.245200000001, 6.0, 17401.320000000003)
< depot 0 | 1 2 3  ||	depot 1 | 1  ||	
1	1	0	0	3	2	
1	0	0	0	0	0	| 1 1 
2	0	0	0	1	0	| 5 1 
0	1	0	0	0	1	| 6 2 
3	0	0	0	0	0	| 0 1 
0	2	0	0	0	0	| 2 2 >
(19276.4286, 14082.522400000002, 6.0, 18028.200000000004)
< depot 0 | 1 2 3  ||	depot 1 | 1  ||	
1	1	0	0	2	3	
1	0	0	0	0	0	| 1 1 
2	0	0	0	0	1	| 6 1 
0	1	0	0	1	0	| 5 2 
3	0	0	0	0	0	| 0 1 
0	2	0	0	0	0	| 2 2 >
(19276.4286, 14082.522400000002, 6.0, 18028.200000000004)
< depot 0 | 1 2  ||	depot 1 | 1 2  ||	
1	2	1	0	2	0	
0	0	1	0	0	0	| 3 3 
1	0	0	0	0	0	| 1 1 
0	0	0	0	1	0	| 5 5 
2	0	0	0	0	0	| 0 1 
0	1	0	0	0	0	| 2 2 >
(19606.4583, 13502.8942, 6.0, 17997.06)
< depot 0 | 1 2  ||	depot 1 | 1 2  ||	
2	2	1	0	2	0	
0	0	1	0	0	0	| 3 3 
1	0	0	0	0	0	| 1 1 
0	0	0	0	1	0	| 5 5 
2	0	0	0	0	0	| 0 1 
0	1	0	0	0	0	| 2 2 >
(19606.4583, 13502.8942, 6.0, 17997.06)
< depot 0 | 1 2  ||	depot 1 | 1 2  ||	
1	2	1	0	0	2	
0	0	1	0	0	0	| 3 3 
1	0	0	0	0	0	| 1 1 
0	0	0	0	0	1	| 6 6 
2	0	0	0	0	0	| 0 1 
0	1	0	0	0	0	| 2 2 >
(19606.4583, 13502.8942, 6.0, 17997.06)
< depot 0 | 1 2  ||	depot 1 | 1 2  ||	
2	2	1	0	0	2	
0	0	1	0	0	0	| 3 3 
1	0	0	0	0	0	| 1 1 
0	0	0	0	0	1	| 6 6 
2	0	0	0	0	0	| 0 1 
0	1	0	0	0	0	| 2 2 >
(19606.4583, 13502.8942, 6.0, 17997.06)
< depot 0 | 1 2  ||	depot 1 | 1 2  ||	
1	2	0	1	2	0	
0	0	0	1	0	0	| 4 4 
1	0	0	0	0	0	| 1 1 
0	0	0	0	1	0	| 5 5 
2	0	0	0	0	0	| 0 1 
0	1	0	0	0	0	| 2 2 >
(19606.4583, 13502.8942, 6.0, 17997.06)
< depot 0 | 1 2  ||	depot 1 | 1 2  ||	
2	2	0	1	2	0	
0	0	0	1	0	0	| 4 4 
1	0	0	0	0	0	| 1 1 
0	0	0	0	1	0	| 5 5 
2	0	0	0	0	0	| 0 1 
0	1	0	0	0	0	| 2 2 >
(19606.4583, 13502.8942, 6.0, 17997.06)
< depot 0 | 1 2  ||	depot 1 | 1 2  ||	
1	2	0	1	0	2	
0	0	0	1	0	0	| 4 4 
1	0	0	0	0	0	| 1 1 
0	0	0	0	0	1	| 6 6 
2	0	0	0	0	0	| 0 1 
0	1	0	0	0	0	| 2 2 >
(19606.4583, 13502.8942, 6.0, 17997.06)
< depot 0 | 1 2  ||	depot 1 | 1 2  ||	
2	2	0	1	0	2	
0	0	0	1	0	0	| 4 4 
1	0	0	0	0	0	| 1 1 
0	0	0	0	0	1	| 6 6 
2	0	0	0	0	0	| 0 1 
0	1	0	0	0	0	| 2 2 >
(19606.4583, 13502.8942, 6.0, 17997.06)
< depot 0 | 3  ||	depot 1 | 3  ||	
3	3	3	0	3	0	
0	1	0	0	0	0	| 2 2 
0	0	1	0	1	0	| 5 3 
0	2	0	0	0	0	| 2 2 
0	0	2	0	0	0	| 0 3 
1	0	0	0	0	0	| 1 1 >
(20138.547, 12441.8348, 6.0, 17820.48)
< depot 0 | 3  ||	depot 1 | 3  ||	
3	3	0	3	3	0	
0	1	0	0	0	0	| 2 2 
0	0	0	1	1	0	| 5 4 
0	2	0	0	0	0	| 2 2 
0	0	0	2	0	0	| 0 4 
1	0	0	0	0	0	| 1 1 >
(20138.547, 12441.8348, 6.0, 17820.48)
< depot 0 | 3  ||	depot 1 | 3  ||	
3	3	3	0	0	3	
0	1	0	0	0	0	| 2 2 
0	0	1	0	0	1	| 6 3 
0	2	0	0	0	0	| 2 2 
0	0	2	0	0	0	| 0 3 
1	0	0	0	0	0	| 1 1 >
(20138.547, 12441.8348, 6.0, 17820.48)
< depot 0 | 3  ||	depot 1 | 3  ||	
3	3	0	3	0	3	
0	1	0	0	0	0	| 2 2 
0	0	0	1	0	1	| 6 4 
0	2	0	0	0	0	| 2 2 
0	0	0	2	0	0	| 0 4 
1	0	0	0	0	0	| 1 1 >
(20138.547, 12441.8348, 6.0, 17820.48)
< depot 0 | 1 3  ||	depot 1 | 1 3  ||	
1	1	3	0	3	0	
0	1	0	0	0	0	| 2 2 
0	0	1	0	1	0	| 5 3 
0	2	0	0	0	0	| 2 2 
0	0	2	0	0	0	| 0 3 
1	0	0	0	0	0	| 1 1 >
(22502.6373, 11468.3327, 6.0, 18806.19)
< depot 0 | 1 3  ||	depot 1 | 1 3  ||	
1	1	0	3	3	0	
0	1	0	0	0	0	| 2 2 
0	0	0	1	1	0	| 5 4 
0	2	0	0	0	0	| 2 2 
0	0	0	2	0	0	| 0 4 
1	0	0	0	0	0	| 1 1 >
(22502.6373, 11468.3327, 6.0, 18806.19)
< depot 0 | 1 3  ||	depot 1 | 1 3  ||	
1	1	3	0	0	3	
0	1	0	0	0	0	| 2 2 
0	0	1	0	0	1	| 6 3 
0	2	0	0	0	0	| 2 2 
0	0	2	0	0	0	| 0 3 
1	0	0	0	0	0	| 1 1 >
(22502.6373, 11468.3327, 6.0, 18806.19)
< depot 0 | 1 3  ||	depot 1 | 1 3  ||	
1	1	0	3	0	3	
0	1	0	0	0	0	| 2 2 
0	0	0	1	0	1	| 6 4 
0	2	0	0	0	0	| 2 2 
0	0	0	2	0	0	| 0 4 
1	0	0	0	0	0	| 1 1 >
(22502.6373, 11468.3327, 6.0, 18806.19)
< depot 0 | 1 3  ||	depot 1 | 1 3  ||	
3	1	3	0	1	0	
0	0	1	0	0	0	| 3 3 
1	0	0	0	0	0	| 1 1 
0	0	0	0	1	0	| 5 5 
2	0	0	0	0	0	| 0 1 
0	1	0	0	0	0	| 2 2 >
(22502.6373, 11611.3266, 6.0, 18759.100000000002)
< depot 0 | 1 3  ||	depot 1 | 1 3  ||	
3	1	3	0	0	1	
0	0	1	0	0	0	| 3 3 
1	0	0	0	0	0	| 1 1 
0	0	0	0	0	1	| 6 6 
2	0	0	0	0	0	| 0 1 
0	1	0	0	0	0	| 2 2 >
(22502.6373, 11611.3266, 6.0, 18759.100000000002)
< depot 0 | 1 3  ||	depot 1 | 1 3  ||	
3	1	0	3	1	0	
0	0	0	1	0	0	| 4 4 
1	0	0	0	0	0	| 1 1 
0	0	0	0	1	0	| 5 5 
2	0	0	0	0	0	| 0 1 
0	1	0	0	0	0	| 2 2 >
(22502.6373, 11611.3266, 6.0, 18759.100000000002)
< depot 0 | 1 3  ||	depot 1 | 1 3  ||	
3	1	0	3	0	1	
0	0	0	1	0	0	| 4 4 
1	0	0	0	0	0	| 1 1 
0	0	0	0	0	1	| 6 6 
2	0	0	0	0	0	| 0 1 
0	1	0	0	0	0	| 2 2 >
(22502.6373, 11611.3266, 6.0, 18759.100000000002)
< depot 0 | 2 3  ||	depot 1 | 3  ||	
3	3	3	0	2	0	
0	0	1	0	0	0	| 3 3 
1	0	0	0	0	0	| 1 1 
0	1	0	0	1	0	| 5 2 
2	0	0	0	0	0	| 0 1 
0	2	0	0	0	0	| 2 2 >
(23694.7854, 10758.338699999998, 6.0, 19201.47)
< depot 0 | 2 3  ||	depot 1 | 3  ||	
3	3	3	0	0	2	
0	0	1	0	0	0	| 3 3 
1	0	0	0	0	0	| 1 1 
0	1	0	0	0	1	| 6 2 
2	0	0	0	0	0	| 0 1 
0	2	0	0	0	0	| 2 2 >
(23694.7854, 10758.338699999998, 6.0, 19201.47)
< depot 0 | 2 3  ||	depot 1 | 3  ||	
3	3	0	3	2	0	
0	0	0	1	0	0	| 4 4 
1	0	0	0	0	0	| 1 1 
0	1	0	0	1	0	| 5 2 
2	0	0	0	0	0	| 0 1 
0	2	0	0	0	0	| 2 2 >
(23694.7854, 10758.338699999998, 6.0, 19201.47)
< depot 0 | 2 3  ||	depot 1 | 3  ||	
3	3	0	3	0	2	
0	0	0	1	0	0	| 4 4 
1	0	0	0	0	0	| 1 1 
0	1	0	0	0	1	| 6 2 
2	0	0	0	0	0	| 0 1 
0	2	0	0	0	0	| 2 2 >
(23694.7854, 10758.338699999998, 6.0, 19201.47)
< depot 0 | 2 3  ||	depot 1 | 1 3  ||	
3	2	3	1	0	0	
0	0	1	0	0	0	| 3 3 
1	0	0	0	0	0	| 1 1 
0	1	0	1	0	0	| 2 4 
2	0	0	0	0	0	| 0 1 
0	2	0	2	0	0	| 2 4 >
(25526.786999999997, 10741.1356, 6.0, 20333.519999999997)
< depot 0 | 2 3  ||	depot 1 | 1 3  ||	
3	2	1	3	0	0	
0	0	0	1	0	0	| 4 4 
1	0	0	0	0	0	| 1 1 
0	1	1	0	0	0	| 2 3 
2	0	0	0	0	0	| 0 1 
0	2	2	0	0	0	| 2 3 >
(25526.786999999997, 10741.1356, 6.0, 20333.519999999997)
< depot 0 | 1 2 3  ||	depot 1 | 1 3  ||	
3	1	3	0	2	0	
0	0	1	0	0	0	| 3 3 
1	0	0	0	0	0	| 1 1 
0	1	0	0	1	0	| 5 2 
2	0	0	0	0	0	| 0 1 
0	2	0	0	0	0	| 2 2 >
(25594.14, 10039.7486, 6.0, 20025.06)
< depot 0 | 1 2 3  ||	depot 1 | 1 3  ||	
3	1	3	0	0	2	
0	0	1	0	0	0	| 3 3 
1	0	0	0	0	0	| 1 1 
0	1	0	0	0	1	| 6 2 
2	0	0	0	0	0	| 0 1 
0	2	0	0	0	0	| 2 2 >
(25594.14, 10039.7486, 6.0, 20025.06)
< depot 0 | 1 2 3  ||	depot 1 | 1 3  ||	
3	1	0	3	2	0	
0	0	0	1	0	0	| 4 4 
1	0	0	0	0	0	| 1 1 
0	1	0	0	1	0	| 5 2 
2	0	0	0	0	0	| 0 1 
0	2	0	0	0	0	| 2 2 >
(25594.14, 10039.7486, 6.0, 20025.06)
< depot 0 | 1 2 3  ||	depot 1 | 1 3  ||	
3	1	0	3	0	2	
0	0	0	1	0	0	| 4 4 
1	0	0	0	0	0	| 1 1 
0	1	0	0	0	1	| 6 2 
2	0	0	0	0	0	| 0 1 
0	2	0	0	0	0	| 2 2 >
(25594.14, 10039.7486, 6.0, 20025.06)
< depot 0 | 2 3  ||	depot 1 | 2 3  ||	
3	2	3	0	2	0	
0	0	1	0	0	0	| 3 3 
1	0	0	0	0	0	| 1 1 
0	0	0	0	1	0	| 5 5 
2	0	0	0	0	0	| 0 1 
0	1	0	0	0	0	| 2 2 >
(28598.0838, 7913.0542000000005, 6.0, 20877.06)
< depot 0 | 2 3  ||	depot 1 | 2 3  ||	
3	2	3	0	0	2	
0	0	1	0	0	0	| 3 3 
1	0	0	0	0	0	| 1 1 
0	0	0	0	0	1	| 6 6 
2	0	0	0	0	0	| 0 1 
0	1	0	0	0	0	| 2 2 >
(28598.0838, 7913.0542000000005, 6.0, 20877.06)
< depot 0 | 2 3  ||	depot 1 | 2 3  ||	
3	2	0	3	2	0	
0	0	0	1	0	0	| 4 4 
1	0	0	0	0	0	| 1 1 
0	0	0	0	1	0	| 5 5 
2	0	0	0	0	0	| 0 1 
0	1	0	0	0	0	| 2 2 >
(28598.0838, 7913.0542000000005, 6.0, 20877.06)
< depot 0 | 2 3  ||	depot 1 | 2 3  ||	
3	2	0	3	0	2	
0	0	0	1	0	0	| 4 4 
1	0	0	0	0	0	| 1 1 
0	0	0	0	0	1	| 6 6 
2	0	0	0	0	0	| 0 1 
0	1	0	0	0	0	| 2 2 >
(28598.0838, 7913.0542000000005, 6.0, 20877.06)
          8567.30160	         17201.16660	    6	         12884.38000
          8567.30160	         17201.16660	    6	         12884.38000
          8567.30160	         17201.16660	    6	         12884.38000
          8567.30160	         17201.16660	    6	         12884.38000
         14063.30640	         15629.58860	    6	         15606.90000
         14063.30640	         15629.58860	    6	         15606.90000
         14063.30640	         15629.58860	    6	         15606.90000
         14063.30640	         15629.58860	    6	         15606.90000
         14885.01300	         15464.02140	    6	         15913.18000
         14885.01300	         15464.02140	    6	         15913.18000
         14885.01300	         15464.02140	    6	         15913.18000
         14885.01300	         15464.02140	    6	         15913.18000
         17976.51570	         14434.24520	    6	         17401.32000
         17976.51570	         14434.24520	    6	         17401.32000
         17976.51570	         14434.24520	    6	         17401.32000
         17976.51570	         14434.24520	    6	         17401.32000
         19276.42860	         14082.52240	    6	         18028.20000
         19276.42860	         14082.52240	    6	         18028.20000
         19606.45830	         13502.89420	    6	         17997.06000
         19606.45830	         13502.89420	    6	         17997.06000
         19606.45830	         13502.89420	    6	         17997.06000
         19606.45830	         13502.89420	    6	         17997.06000
         19606.45830	         13502.89420	    6	         17997.06000
         19606.45830	         13502.89420	    6	         17997.06000
         19606.45830	         13502.89420	    6	         17997.06000
         19606.45830	         13502.89420	    6	         17997.06000
         20138.54700	         12441.83480	    6	         17820.48000
         20138.54700	         12441.83480	    6	         17820.48000
         20138.54700	         12441.83480	    6	         17820.48000
         20138.54700	         12441.83480	    6	         17820.48000
         22502.63730	         11468.33270	    6	         18806.19000
         22502.63730	         11468.33270	    6	         18806.19000
         22502.63730	         11468.33270	    6	         18806.19000
         22502.63730	         11468.33270	    6	         18806.19000
         22502.63730	         11611.32660	    6	         18759.10000
         22502.63730	         11611.32660	    6	         18759.10000
         22502.63730	         11611.32660	    6	         18759.10000
         22502.63730	         11611.32660	    6	         18759.10000
         23694.78540	         10758.33870	    6	         19201.47000
         23694.78540	         10758.33870	    6	         19201.47000
         23694.78540	         10758.33870	    6	         19201.47000
         23694.78540	         10758.33870	    6	         19201.47000
         25526.78700	         10741.13560	    6	         20333.52000
         25526.78700	         10741.13560	    6	         20333.52000
         25594.14000	         10039.74860	    6	         20025.06000
         25594.14000	         10039.74860	    6	         20025.06000
         25594.14000	         10039.74860	    6	         20025.06000
         25594.14000	         10039.74860	    6	         20025.06000
         28598.08380	          7913.05420	    6	         20877.06000
         28598.08380	          7913.05420	    6	         20877.06000
         28598.08380	          7913.05420	    6	         20877.06000
         28598.08380	          7913.05420	    6	         20877.06000
dominated solutions in pop front: 0
dominated solutions in pareto front: 0
